0 0 0.0 0.0 0.0
-25
-43.30125
2
„K„|„u„„„{„p <1>
0.0 0.0 0.0 0.0 0.0
1.0 1.0 0.3019607961177826
1.0 1.0 0.3019607961177826
true
9
„R„|„€„z <Hexagon>
6
0.0 0.0 43.30125
25.0 0.0 0.0
75.0 0.0 0.0
100.0 0.0 43.30125
25.0 0.0 86.6025
75.0 0.0 86.6025
„R„|„€„z <Hexagon(Copy)>
6
0.0 50.0 43.30125
25.0 50.0 0.0
75.0 50.0 0.0
100.0 50.0 43.30125
25.0 50.0 86.6025
75.0 50.0 86.6025
„R„|„€„z <Hexagon(Copy)>
6
0.0 100.0 43.30125
25.0 100.0 0.0
75.0 100.0 0.0
100.0 100.0 43.30125
25.0 100.0 86.6025
75.0 100.0 86.6025
„R„|„€„z <8-POINTS>
8
18.75 130.0 11.0
81.25 130.0 11.0
18.75 130.0 75.6025
81.25 130.0 75.6025
93.75 130.0 53.951875
93.75 130.0 32.650625
6.25 130.0 53.951875
6.25 130.0 32.650625
„R„|„€„z <Rectangle>
4
12.5 180.0 21.698750000000004
12.5 180.0 64.90375
87.5 180.0 21.698750000000004
87.5 180.0 64.90375
„R„|„€„z <Rectangle(Small)>
4
18.75 230.0 53.30125
18.75 230.0 33.30125
81.25 230.0 53.30125
81.25 230.0 33.30125
„R„|„€„z <2-points>
2
25.0 280.0 43.30125
75.0 280.0 43.30125
„R„|„€„z <Rectangle(Copy)>
4
12.5 -80.0 64.90375
12.5 -80.0 21.698750000000004
87.5 -80.0 64.90375
87.5 -80.0 21.698750000000004
„R„|„€„z <2-points(Copy)>
2
25.0 -160.0 43.30125
75.0 -160.0 43.30125
55
41 42 40 38
37 39 40 38
2 3 40 38
39 42 40
39 37 41 42
37 38 41
5 6 39 37
4 40 39
1 38 37
4 6 5 1 2 3
9 8 2 3
1 38 2
4 3 40
11 12 6 5
4 39 6
1 5 37
7 11 5 1
12 10 4 6
10 9 3 4
8 7 1 2
7 11 12 10 9 8
14 15 9 8
17 18 12 11
16 18 12 10
17 13 7 11
13 14 8 7
15 16 10 9
16 18 17 13 14 15
20 19 14 15
21 22 18 17
25 21 17 13
22 23 16 18
24 20 15 16
19 26 13 14
26 25 21 22 23 24 20 19
27 29 20 19
28 30 22 21
30 22 23
24 23 16
28 25 21
26 13 25
27 19 26
29 24 20
29 30 23 24
28 27 26 25
30 28 27 29
34 32 27 29
31 33 30 28
32 31 28 27
33 34 29 30
31 33 34 32
35 36 34 32
35 36 33 31
36 33 34
35 32 31
„K„|„u„„„{„p <2>
0.0 0.0 0.0 0.0 0.0
0.7019608020782471 0.10196078568696976 0.10196078568696976
0.7019608020782471 0.10196078568696976 0.10196078568696976
true
9
„R„|„€„z <Hexagon>
6
0.0 380.0 86.6025
25.0 380.0 43.30125
75.0 380.0 43.30125
100.0 380.0 86.6025
25.0 380.0 129.90375
75.0 380.0 129.90375
„R„|„€„z <Hexagon(Copy)>
6
0.0 330.0 86.6025
25.0 330.0 43.30125
75.0 330.0 43.30125
100.0 330.0 86.6025
25.0 330.0 129.90375
75.0 330.0 129.90375
„R„|„€„z <Hexagon(Copy)>
6
0.0 280.0 86.6025
25.0 280.0 43.30125
75.0 280.0 43.30125
100.0 280.0 86.6025
25.0 280.0 129.90375
75.0 280.0 129.90375
„R„|„€„z <8-POINTS>
8
18.75 230.0 53.30125
81.25 230.0 53.30125
18.75 230.0 119.90375
81.25 230.0 119.90375
93.75 230.0 98.25312500000001
93.75 230.0 74.951875
6.25 230.0 98.25312500000001
6.25 230.0 74.951875
„R„|„€„z <Rectangle>
4
12.5 180.0 65.0
12.5 180.0 108.205
87.5 180.0 65.0
87.5 180.0 108.205
Part <Rectangle(Small)>
4
18.75 130.0 97.6025
18.75 130.0 75.6025
81.25 130.0 97.6025
81.25 130.0 75.6025
Part <2-points>
2
25.0 100.0 86.6025
75.0 100.0 86.6025
„R„|„€„z <Rectangle(Copy)>
4
12.5 460.0 108.20500000000001
12.5 460.0 65.00000000000001
87.5 460.0 108.20500000000001
87.5 460.0 65.00000000000001
„R„|„€„z <2-points(Copy)>
2
25.0 540.0 86.6025
75.0 540.0 86.6025
55
32 34 36 35
31 33 36 35
33 34 36
33 31 32 34
29 27 32 34
31 35 32
28 30 33 31
30 29 34 33
27 28 31 32
28 30 29 27
19 20 29 27
21 22 30 28
23 24 29 30
25 26 27 28
24 23 22 21 25 26 19 20
15 14 19 20
26 27 19
24 20 29
17 18 22 21
23 30 22
25 21 28
16 24 23
13 25 26
13 17 21 25
18 16 23 22
16 15 20 24
14 13 26 19
13 17 18 16 15 14
8 9 15 14
11 12 18 17
10 12 18 16
11 7 13 17
7 8 14 13
9 10 16 15
10 12 11 7 8 9
3 2 8 9
5 6 12 11
1 5 11 7
6 4 10 12
4 3 9 10
2 1 7 8
1 5 6 4 3 2
38 40 3 2
37 39 6 5
39 6 4
37 1 5
38 2 1
40 4 3
39 37 38 40
42 41 38 40
41 42 39 37
38 37 1
40 4 39
42 40 39
41 37 38
