0 0 0.0 0.0 0.0
0.0
0.0
1
„K„|„u„„„{„p <1>
0.0 0.0 0.0 0.0 0.0
0.1991400122642517 0.8098360896110535 0.1991400122642517
0.3542530834674835 0.911475419998169 0.18827196955680847
true
6
„R„|„€„z <1>
1
0.0 -200.0 0.0
„R„|„€„z <Square>
4
-11.520000000000001 -180.0 11.520000000000001
-11.520000000000001 -180.0 -11.520000000000001
11.520000000000001 -180.0 11.520000000000001
11.520000000000001 -180.0 -11.520000000000001
„R„|„€„z <Square2>
4
-20.736 -50.0 20.736
-20.736 -50.0 -20.736
20.736 -50.0 20.736
20.736 -50.0 -20.736
„R„|„€„z <Square3>
4
-24.8832 0.0 24.8832
-24.8832 0.0 -24.8832
24.8832 0.0 24.8832
24.8832 0.0 -24.8832
„R„|„€„z <Square4>
4
-29.85984 50.0 29.85984
-29.85984 50.0 -29.85984
29.85984 50.0 29.85984
29.85984 50.0 -29.85984
„R„|„€„z <Octagon>
8
92.38795325112868 0.0 38.268343236508976
92.76597050622274 0.0 -38.424923110379986
38.268343236508976 0.0 -92.38795325112868
-38.424923110379986 0.0 -92.76597050622274
-92.38795325112868 0.0 -38.268343236508976
-92.76597050622274 0.0 38.424923110379986
-38.268343236508976 0.0 92.38795325112868
38.424923110379986 0.0 92.76597050622274
20
5 3 1
2 3 1
2 4 5 3
7 9 5 3
4 1 5
1 2 4
8 6 2 4
6 7 3 2
9 8 4 5
8 6 7 9
13 11 7 9
10 11 7 6
10 12 8 6
12 13 9 8
10 12 13 11
15 17 13 11
16 14 10 12
14 15 11 10
17 16 12 13
16 14 15 17
