0 0 0.0 0.0 0.0
0.0
0.0
2
„K„|„u„„„{„p <1>
0.0 0.0 0.0 0.0 0.0
0.07739854604005814 0.9442622661590576 0.07739854604005814
0.2596643567085266 0.980327844619751 0.0449986569583416
true
10
„R„|„€„z <1>
1
0.0 -210.0 0.0
„R„|„€„z <Square>
4
-11.520000000000001 -195.0 11.520000000000001
-11.520000000000001 -195.0 -11.520000000000001
11.520000000000001 -195.0 11.520000000000001
11.520000000000001 -195.0 -11.520000000000001
„R„|„€„z <Square2>
4
-20.736 -50.0 20.736
-20.736 -50.0 -20.736
20.736 -50.0 20.736
20.736 -50.0 -20.736
„R„|„€„z <Square3>
4
-24.8832 0.0 24.8832
-24.8832 0.0 -24.8832
24.8832 0.0 24.8832
24.8832 0.0 -24.8832
„R„|„€„z <Square4>
4
-29.85984 50.0 29.85984
-29.85984 50.0 -29.85984
29.85984 50.0 29.85984
29.85984 50.0 -29.85984
„R„|„€„z <Octagon>
8
32.0 90.0 13.0
32.0 90.0 -13.0
12.999999999999998 90.0 -32.0
-13.000000000000002 90.0 -32.0
-32.0 90.0 -13.0
-32.0 90.0 13.0
-13.000000000000002 90.0 32.0
12.999999999999998 90.0 32.0
„R„|„€„z <Square5>
4
-33.71228484931056 120.0 2.5323743102489974E-15
-2.2791368792240977E-15 120.0 -33.71228484931056
1.7726620171742984E-15 120.0 33.71228484931056
33.71228484931056 120.0 -1.5194245861493986E-15
„R„|„€„z <Square6>
4
-33.71228484931056 210.0 2.5323743102489974E-15
-2.2791368792240977E-15 210.0 -33.71228484931056
1.7726620171742984E-15 210.0 33.71228484931056
33.71228484931056 210.0 -1.5194245861493986E-15
„R„|„€„z <Square7>
4
-56.63663854684173 260.0 4.254388841218315E-15
-3.828949957096484E-15 260.0 -56.63663854684173
2.978072188852821E-15 260.0 56.63663854684173
56.63663854684173 260.0 -2.5526333047309898E-15
„R„|„€„z <Square8>
4
-56.63663854684173 310.0 4.254388841218315E-15
-3.828949957096484E-15 310.0 -56.63663854684173
2.978072188852821E-15 310.0 56.63663854684173
56.63663854684173 310.0 -2.5526333047309898E-15
53
5 3 1
2 3 1
2 4 5 3
7 9 5 3
4 1 5
1 2 4
8 6 2 4
6 7 3 2
9 8 4 5
8 6 7 9
13 11 7 9
10 11 7 6
10 12 8 6
12 13 9 8
10 12 13 11
15 17 13 11
16 14 10 12
14 15 11 10
17 16 12 13
16 14 15 17
20 21 15 17
23 22 15 14
24 25 16 14
18 19 17 16
22 23 24 25 18 19 20 21
27 20 21
19 17 20
22 21 15
28 24 25
23 14 24
18 25 16
26 22 23
29 18 19
29 28 25 18
28 26 23 24
26 27 21 22
27 29 19 20
27 29 28 26
30 32 28 26
32 33 29 28
33 31 27 29
31 30 26 27
31 30 32 33
37 36 32 33
36 34 30 32
34 35 31 30
35 37 33 31
35 37 36 34
38 40 36 34
40 41 37 36
41 39 35 37
39 38 34 35
39 38 40 41
„K„|„u„„„{„p <2>
0.0 0.0 0.0 0.0 0.0
1.0 1.0 0.4000000059604645
1.0 1.0 0.4000000059604645
false
4
„R„|„€„z <Octagon>
8
45.0 -195.0 68.3
45.0 -195.0 45.0
11.520000000000001 -195.0 11.520000000000003
-11.520000000000001 -195.0 11.520000000000003
-45.0 -195.0 45.0
-45.0 -195.0 68.3
-11.520000000000001 -195.0 101.78
11.520000000000001 -195.0 101.78
„R„|„€„z <Square>
4
-56.63663854684173 -210.0 56.63663854684174
0.0 -210.0 0.0
0.0 -210.0 113.27327709368345
56.63663854684173 -210.0 56.63663854684173
„R„|„€„z <Square2>
4
-56.63663854684172 -250.0 56.63663854684174
0.0 -250.0 0.0
0.0 -250.0 113.27327709368345
56.63663854684174 -250.0 56.63663854684173
„R„|„€„z <Octagon2>
8
30.0 -50.0 78.295
30.0 -50.0 35.004999999999995
15.736 -50.0 20.741
-15.736 -50.0 20.741
-30.0 -50.0 35.004999999999995
-30.0 -50.0 78.295
-15.736 -50.0 92.559
15.736 -50.0 92.559
24
16 15 13 14
10 9 13 14
9 11 15 13
11 12 16 15
12 10 14 16
10 9 11 12
1 8 11 12
7 6 9 11
5 4 10 9
3 2 12 10
3 2 1 8 7 6 5 4
20 21 5 4
6 9 5
3 4 10
22 23 7 6
8 11 7
24 17 1 8
2 12 1
18 19 3 2
19 20 4 3
21 22 6 5
23 24 8 7
17 18 2 1
18 19 20 21 22 23 24 17
