0 0 0.0 0.0 0.0
1
Cell <1>
0.0 0.0 0.0 0.0 0.0
1.0 1.0 0.3019607961177826
1.0 1.0 0.3019607961177826
true
3
Part <Hexagon(Copy)>
6
0.0 50.0 43.30125
25.0 50.0 0.0
75.0 50.0 0.0
100.0 50.0 43.30125
25.0 50.0 86.6025
75.0 50.0 86.6025
Part <Hexagon(Copy)>
6
0.0 100.0 43.30125
25.0 100.0 0.0
75.0 100.0 0.0
100.0 100.0 43.30125
25.0 100.0 86.6025
75.0 100.0 86.6025
Part <8-POINTS>
8
18.75 130.0 11.0
81.25 130.0 11.0
18.75 130.0 75.6025
81.25 130.0 75.6025
93.75 130.0 53.951875
93.75 130.0 32.650625
6.25 130.0 53.951875
6.25 130.0 32.650625
17
1 5 6 4 3 2
8 9 3 2
11 12 6 5
10 12 6 4
11 7 1 5
7 8 2 1
9 10 4 3
10 12 11 7 8 9
14 13 8 9
15 16 12 11
19 15 11 7
16 17 10 12
18 14 9 10
13 20 7 8
20 19 15 16 17 18 14 13
18 17 10
20 7 19
