0 0 0.0 0.0 0.0
0.0
0.0
1
„K„|„u„„„{„p <1>
0.0 0.0 0.0 0.0 0.0
0.1991400122642517 0.8098360896110535 0.1991400122642517
0.3542530834674835 0.911475419998169 0.18827196955680847
false
5
„R„|„€„z <1>
1
0.0 -200.0 0.0
„R„|„€„z <Square>
4
-11.520000000000001 -180.0 11.520000000000001
-11.520000000000001 -180.0 -11.520000000000001
11.520000000000001 -180.0 11.520000000000001
11.520000000000001 -180.0 -11.520000000000001
„R„|„€„z <Square2>
4
-20.736 -50.0 20.736
-20.736 -50.0 -20.736
20.736 -50.0 20.736
20.736 -50.0 -20.736
„R„|„€„z <Square3>
4
-24.8832 0.0 24.8832
-24.8832 0.0 -24.8832
24.8832 0.0 24.8832
24.8832 0.0 -24.8832
„R„|„€„z <Square4>
4
-29.85984 50.0 29.85984
-29.85984 50.0 -29.85984
29.85984 50.0 29.85984
29.85984 50.0 -29.85984
20
1 3 5
4 2 3 5
9 7 3 5
2 1 3
4 5 1
6 7 3 2
4 2 1
6 8 4 2
8 9 5 4
6 8 9 7
11 13 9 7
12 10 6 8
10 11 7 6
13 12 8 9
12 10 11 13
17 15 11 13
14 15 11 10
17 16 12 13
16 14 10 12
17 16 14 15
