0 0 0.0 0.0 0.0
2
Cell <1>
0.0 0.0 0.0 0.0 0.0
1.0 1.0 0.3019607961177826
1.0 1.0 0.3019607961177826
true
9
Part <Hexagon>
6
0.0 0.0 43.30125
25.0 0.0 0.0
75.0 0.0 0.0
100.0 0.0 43.30125
25.0 0.0 86.6025
75.0 0.0 86.6025
Part <Hexagon(Copy)>
6
0.0 50.0 43.30125
25.0 50.0 0.0
75.0 50.0 0.0
100.0 50.0 43.30125
25.0 50.0 86.6025
75.0 50.0 86.6025
Part <Hexagon(Copy)>
6
0.0 100.0 43.30125
25.0 100.0 0.0
75.0 100.0 0.0
100.0 100.0 43.30125
25.0 100.0 86.6025
75.0 100.0 86.6025
Part <8-POINTS>
8
18.75 130.0 11.0
81.25 130.0 11.0
18.75 130.0 75.6025
81.25 130.0 75.6025
93.75 130.0 53.951875
93.75 130.0 32.650625
6.25 130.0 53.951875
6.25 130.0 32.650625
Part <Rectangle>
4
12.5 180.0 21.698750000000004
12.5 180.0 64.90375
87.5 180.0 21.698750000000004
87.5 180.0 64.90375
Part <Rectangle(Small)>
4
18.75 230.0 53.30125
18.75 230.0 33.30125
81.25 230.0 53.30125
81.25 230.0 33.30125
Part <2-points>
2
25.0 280.0 43.30125
75.0 280.0 43.30125
Part <Rectangle(Copy)>
4
49.958305047919794 -80.0 86.57845263349944
12.541681838792073 -80.0 64.97594507937129
87.45831816120791 -80.0 21.62655492062875
50.04169495208019 -80.0 0.02404736650057515
Part <2-points(Copy)>
2
37.49999562890396 -160.0 64.95188257095691
62.50000437109604 -160.0 21.650617429043102
55
41 42 40 38
37 39 40 38
1 2 40 38
39 42 40
39 37 41 42
37 38 41
6 4 39 37
3 40 39
5 38 37
2 3 4 6 5 1
7 11 5 1
38 5 1
11 12 6 5
37 6 5
12 10 4 6
10 9 3 4
39 3 4
9 8 2 3
40 2 3
8 7 1 2
7 11 12 10 9 8
14 15 9 8
17 18 12 11
16 18 12 10
17 13 7 11
13 14 8 7
15 16 10 9
16 18 17 13 14 15
20 19 14 15
21 22 18 17
25 21 17 13
22 23 16 18
24 20 15 16
19 26 13 14
26 25 21 22 23 24 20 19
27 29 20 19
28 30 22 21
30 22 23
24 23 16
28 25 21
26 13 25
27 19 26
29 24 20
29 30 23 24
28 27 26 25
30 28 27 29
34 32 27 29
31 33 30 28
32 31 28 27
33 34 29 30
31 33 34 32
35 36 34 32
35 36 33 31
36 33 34
35 32 31
Cell <2>
0.0 0.0 0.0 0.0 0.0
0.7019608020782471 0.10196078568696976 0.10196078568696976
0.7019608020782471 0.10196078568696976 0.10196078568696976
true
9
Part <Hexagon>
6
37.5 380.0 64.95187500000002
62.5 380.0 21.650625000000012
112.5 380.0 21.650625000000012
137.5 380.0 64.95187500000002
62.5 380.0 108.25312500000001
112.5 380.0 108.25312500000001
Part <Hexagon(Copy)>
6
37.5 330.0 64.95187500000002
62.5 330.0 21.650625000000012
112.5 330.0 21.650625000000012
137.5 330.0 64.95187500000002
62.5 330.0 108.25312500000001
112.5 330.0 108.25312500000001
Part <Hexagon(Copy)>
6
37.5 280.0 64.95187500000002
62.5 280.0 21.650625000000012
112.5 280.0 21.650625000000012
137.5 280.0 64.95187500000002
62.5 280.0 108.25312500000001
112.5 280.0 108.25312500000001
Part <8-POINTS>
8
56.25 230.0 31.650625000000026
118.75 230.0 31.650625000000026
56.25 230.0 98.25312500000003
118.75 230.0 98.25312500000003
131.25 230.0 76.60250000000003
131.25 230.0 53.301250000000024
43.75 230.0 76.60250000000003
43.75 230.0 53.301250000000024
Part <Rectangle>
4
50.0 180.0 43.34937500000004
50.0 180.0 86.55437500000004
125.0 180.0 43.34937500000004
125.0 180.0 86.55437500000004
Part <Rectangle(Small)>
4
56.25 130.0 74.95187500000003
56.25 130.0 54.95187500000003
118.75 130.0 74.95187500000003
118.75 130.0 54.95187500000003
Part <2-points>
2
62.5 100.0 64.95187500000003
112.5 100.0 64.95187500000003
Part <Rectangle(Copy)>
4
87.4583050479198 460.0 108.22907763349946
49.958305047919794 460.0 86.57845263349944
124.95831816120791 460.0 43.277179920628754
87.45831816120791 460.0 21.62655492062875
Part <2-points(Copy)>
2
75.0 540.0 86.6025
100.0 540.0 43.30125
55
35 36 34 32
31 33 34 32
27 29 34 32
33 36 34
33 31 35 36
31 32 35
28 30 33 31
30 29 34 33
28 27 32 31
30 28 27 29
20 19 27 29
21 22 30 28
23 24 29 30
26 25 28 27
26 25 21 22 23 24 20 19
14 15 20 19
24 29 20
26 19 27
17 18 22 21
23 30 22
25 21 28
16 24 23
13 26 25
16 18 22 23
17 13 25 21
13 14 19 26
15 16 24 20
16 18 17 13 14 15
9 8 14 15
11 12 18 17
7 11 17 13
12 10 16 18
10 9 15 16
8 7 13 14
7 11 12 10 9 8
2 3 9 8
5 6 12 11
4 6 12 10
5 1 7 11
1 2 8 7
3 4 10 9
4 6 5 1 2 3
40 2 3
37 6 5
38 5 1
37 39 4 6
39 3 4
40 38 1 2
39 3 40
38 37 5
40 38 37 39
42 41 37 39
41 42 40 38
42 40 39
41 37 38
