0 0 0.0 0.0 0.0
2
Cell <1>
0.0 0.0 0.0 0.0 0.0
1.0 1.0 0.3019607961177826
1.0 1.0 0.3019607961177826
true
9
Part <Hexagon>
6
0.0 0.0 43.30125
25.0 0.0 0.0
75.0 0.0 0.0
100.0 0.0 43.30125
25.0 0.0 86.6025
75.0 0.0 86.6025
Part <Hexagon(Copy)>
6
0.0 50.0 43.30125
25.0 50.0 0.0
75.0 50.0 0.0
100.0 50.0 43.30125
25.0 50.0 86.6025
75.0 50.0 86.6025
Part <Hexagon(Copy)>
6
0.0 100.0 43.30125
25.0 100.0 0.0
75.0 100.0 0.0
100.0 100.0 43.30125
25.0 100.0 86.6025
75.0 100.0 86.6025
Part <8-POINTS>
8
25.0 150.0 10.0
75.0 150.0 10.0
25.0 150.0 76.6025
75.0 150.0 76.6025
87.5 150.0 54.951875
87.5 150.0 31.650625
12.5 150.0 54.951875
12.5 150.0 31.650625
Part <Rectangle>
4
18.75 200.0 65.0
18.75 200.0 20.0
81.25 200.0 65.0
81.25 200.0 20.0
Part <Rectangle(Small)>
4
25.0 250.0 53.30125
25.0 250.0 33.30125
75.0 250.0 53.30125
75.0 250.0 33.30125
Part <2-points>
2
25.0 280.0 43.30125
75.0 280.0 43.30125
Part <Rectangle(Copy)>
4
18.75 -80.0 67.777
18.75 -80.0 18.8255
81.25 -80.0 67.777
81.25 -80.0 18.8255
Part <2-points(Copy)>
2
25.0 -130.0 43.30125
75.0 -130.0 43.30125
55
38 40 42 41
37 39 42 41
39 40 42
39 37 38 40
3 2 38 40
37 41 38
5 6 39 37
4 40 39
1 37 38
1 5 6 4 3 2
8 9 3 2
4 40 3
1 2 38
11 12 6 5
4 39 6
1 5 37
10 12 6 4
11 7 1 5
7 8 2 1
9 10 4 3
10 12 11 7 8 9
15 14 8 9
17 18 12 11
13 17 11 7
18 16 10 12
16 15 9 10
14 13 7 8
13 17 18 16 15 14
19 20 15 14
21 22 18 17
23 22 18 16
21 25 13 17
26 19 14 13
20 24 16 15
24 23 22 21 25 26 19 20
30 28 19 20
27 29 22 21
27 21 25
26 25 13
29 23 22
24 16 23
30 20 24
28 26 19
28 27 25 26
29 30 24 23
27 29 30 28
32 34 30 28
31 33 29 27
34 33 29 30
31 32 28 27
33 31 32 34
36 35 32 34
35 36 33 31
35 31 32
36 34 33
Cell <2>
0.0 0.0 0.0 0.0 0.0
0.7019608020782471 0.10196078568696976 0.10196078568696976
0.7019608020782471 0.10196078568696976 0.10196078568696976
true
9
Part <Hexagon>
6
0.0 380.0 86.6025
25.0 380.0 43.30125
75.0 380.0 43.30125
100.0 380.0 86.6025
25.0 380.0 129.90375
75.0 380.0 129.90375
Part <Hexagon(Copy)>
6
0.0 330.0 86.6025
25.0 330.0 43.30125
75.0 330.0 43.30125
100.0 330.0 86.6025
25.0 330.0 129.90375
75.0 330.0 129.90375
Part <Hexagon(Copy)>
6
0.0 280.0 86.6025
25.0 280.0 43.30125
75.0 280.0 43.30125
100.0 280.0 86.6025
25.0 280.0 129.90375
75.0 280.0 129.90375
Part <8-POINTS>
8
25.0 250.0 53.30125
75.0 250.0 53.30125
25.0 250.0 119.90375
75.0 250.0 119.90375
87.5 250.0 98.25312500000001
87.5 250.0 74.951875
12.5 250.0 98.25312500000001
12.5 250.0 74.951875
Part <Rectangle>
4
18.75 200.0 65.0
18.75 200.0 110.0
81.25 200.0 65.0
81.25 200.0 110.0
Part <Rectangle(Small)>
4
25.0 150.0 96.6025
25.0 150.0 76.6025
75.0 150.0 96.6025
75.0 150.0 76.6025
Part <2-points>
2
25.0 100.0 86.6025
75.0 100.0 86.6025
Part <Rectangle(Copy)>
4
18.75 460.0 116.7285
18.75 460.0 67.777
81.25 460.0 116.7285
81.25 460.0 67.777
Part <2-points(Copy)>
2
25.0 510.0 86.6025
75.0 510.0 86.6025
55
32 34 36 35
31 33 36 35
34 33 31 32
35 31 32
27 28 31 32
28 30 33 31
36 34 33
30 29 34 33
29 27 32 34
29 30 28 27
26 25 28 27
21 22 30 28
23 24 29 30
20 19 27 29
19 26 25 21 22 23 24 20
29 24 20
15 16 24 20
16 23 24
30 22 23
16 18 22 23
17 18 22 21
28 21 25
13 17 21 25
13 25 26
27 26 19
14 13 26 19
14 15 20 19
13 14 15 16 18 17
11 12 18 17
12 10 16 18
10 9 15 16
9 8 14 15
8 7 13 14
7 11 17 13
9 8 7 11 12 10
4 6 12 10
6 5 11 12
5 1 7 11
1 2 8 7
2 3 9 8
3 4 10 9
5 1 2 3 4 6
39 4 6
40 3 4
40 38 2 3
38 1 2
37 5 1
37 39 6 5
37 38 40 39
42 40 39
4 40 39
42 41 38 40
41 37 38
1 37 38
41 42 39 37
