0.0 0.0 0.0 0.0 0.0
2
Cell <1>
0.0 0.0 -30.0 0.0 0.0
0.0 0.0 1.0
0.6784313917160034 0.8470588326454163 0.9019607901573181
true
2
Part <1>
22
-100.0 100.0 90.0
-120.0 100.0 120.0
-110.0 100.0 130.0
-90.0 100.0 100.0
-20.0 100.0 100.0
0.0 100.0 140.0
20.0 100.0 100.0
90.0 100.0 100.0
110.0 100.0 130.0
120.0 100.0 120.0
100.0 100.0 90.0
100.0 100.0 -90.0
120.0 100.0 -120.0
110.0 100.0 -130.0
90.0 100.0 -100.0
20.0 100.0 -100.0
0.0 100.0 -140.0
-20.0 100.0 -100.0
-90.0 100.0 -100.0
-110.0 100.0 -130.0
-120.0 100.0 -120.0
-100.0 100.0 -90.0
Part <2>
22
-100.0 -100.0 90.0
-120.0 -100.0 120.0
-110.0 -100.0 130.0
-90.0 -100.0 100.0
-20.0 -100.0 100.0
0.0 -100.0 140.0
20.0 -100.0 100.0
90.0 -100.0 100.0
110.0 -100.0 130.0
120.0 -100.0 120.0
100.0 -100.0 90.0
100.0 -100.0 -90.0
120.0 -100.0 -120.0
110.0 -100.0 -130.0
90.0 -100.0 -100.0
20.0 -100.0 -100.0
0.0 -100.0 -140.0
-20.0 -100.0 -100.0
-90.0 -100.0 -100.0
-110.0 -100.0 -130.0
-120.0 -100.0 -120.0
-100.0 -100.0 -90.0
24
24 23 1 2
3 4 5 6 7 8 9 10 11 12 13 14 15 16 17 18 19 20 21 22 1 2
22 44 23 1
44 43 42 41 40 39 38 37 36 35 34 33 32 31 30 29 28 27 26 25 24 23
25 3 2 24
26 4 3 25
27 5 4 26
28 6 5 27
29 7 6 28
30 8 7 29
31 9 8 30
32 10 9 31
33 11 10 32
34 12 11 33
35 13 12 34
36 14 13 35
37 15 14 36
38 16 15 37
39 17 16 38
40 18 17 39
41 19 18 40
42 20 19 41
43 21 20 42
44 22 21 43
Cell <2>
0.0 0.0 100.0 0.0 0.0
0.545098066329956 0.0 0.0
1.0 0.0 0.0
true
2
Part <1>
8
100.0 100.0 90.0
120.0 100.0 120.0
180.0 100.0 120.0
200.0 100.0 90.0
200.0 100.0 -90.0
180.0 100.0 -120.0
120.0 100.0 -120.0
100.0 100.0 -90.0
Part <2>
8
100.0 -100.0 90.0
120.0 -100.0 120.0
180.0 -100.0 120.0
200.0 -100.0 90.0
200.0 -100.0 -90.0
180.0 -100.0 -120.0
120.0 -100.0 -120.0
100.0 -100.0 -90.0
10
10 9 1 2
3 4 5 6 7 8 1 2
8 16 9 1
16 15 14 13 12 11 10 9
11 3 2 10
12 4 3 11
13 5 4 12
14 6 5 13
15 7 6 14
16 8 7 15
