0.0 0.0 0.0 0.0 0.0
1
Cell <1>
0.0 0.0 0.0 0.0 0.0
1.0 0.0 0.0
1.0 0.0 0.0
false
9
Part <3>
8
-30.0 0.0 50.0
30.0 0.0 50.0
60.0 0.0 20.0
60.0 0.0 -20.0
30.0 0.0 -50.0
-30.0 0.0 -50.0
-60.0 0.0 -20.0
-60.0 0.0 20.0
Part <4>
8
-30.0 100.0 50.0
30.0 100.0 50.0
60.0 100.0 20.0
60.0 100.0 -20.0
30.0 100.0 -50.0
-30.0 100.0 -50.0
-60.0 100.0 -20.0
-60.0 100.0 20.0
Part <1>
2
0.0 -200.0 20.0
0.0 -200.0 -20.0
Part <2>
4
-20.0 -150.0 -30.0
-20.0 -150.0 30.0
20.0 -150.0 30.0
20.0 -150.0 -30.0
Part <5>
8
-30.0 150.0 50.0
30.0 150.0 50.0
60.0 150.0 20.0
60.0 150.0 -20.0
30.0 150.0 -50.0
-30.0 150.0 -50.0
-60.0 150.0 -20.0
-60.0 150.0 20.0
Part <6>
10
-25.0 200.0 50.0
50.0 200.0 20.0
50.0 200.0 -20.0
25.0 200.0 -50.0
-50.0 200.0 -20.0
-50.0 200.0 20.0
-40.0 200.0 -40.0
-15.0 200.0 -50.0
15.0 200.0 50.0
40.0 200.0 40.0
Part <7>
4
-30.0 300.0 -30.0
-30.0 300.0 30.0
30.0 300.0 30.0
30.0 300.0 -30.0
Part <8>
4
-20.0 350.0 -20.0
-20.0 350.0 20.0
20.0 350.0 20.0
20.0 350.0 -20.0
Part <9>
2
0.0 450.0 20.0
0.0 450.0 -20.0
0
