0 0 0.0 0.0 0.0
1
Cell <2>
0.0 0.0 0.0 0.0 0.0
1.0 0.0 0.0
1.0 0.0 0.0
true
9
Part <7>
6
0.0 -35.0 52.0
10.0 -35.0 26.0
58.0 -35.0 26.0
68.0 -35.0 52.0
58.0 -35.0 78.0
10.0 -35.0 78.0
Part <5>
6
0.0 -107.0 52.0
10.0 -107.0 26.0
58.0 -107.0 26.0
68.0 -107.0 52.0
58.0 -107.0 78.0
10.0 -107.0 78.0
Part <6>
6
0.0 -65.0 52.0
10.0 -65.0 26.0
58.0 -65.0 26.0
68.0 -65.0 52.0
58.0 -65.0 78.0
10.0 -65.0 78.0
Part <8>
4
12.0 -5.0 40.0
62.0 -5.0 40.0
12.0 -5.0 64.0
62.0 -5.0 64.0
Part <1>
2
16.0 -200.0 52.0
52.0 -200.0 52.0
Part <9>
2
16.0 45.0 52.0
52.0 45.0 52.0
Part <2>
4
56.0 -182.0 48.0
12.0 -182.0 48.0
12.0 -182.0 56.0
56.0 -182.0 56.0
Part <3>
4
10.0 -156.0 64.0
58.0 -156.0 64.0
58.0 -156.0 40.0
10.0 -156.0 40.0
Part <4>
8
10.0 -137.0 34.0
58.0 -137.0 34.0
64.0 -137.0 49.6
64.0 -137.0 54.4
58.0 -137.0 70.0
10.0 -137.0 70.0
4.0 -137.0 54.4
4.0 -137.0 49.6
55
23 24 27 28
29 30 27 28
34 33 27 28
30 24 27
30 29 23 24
29 28 23
31 32 30 29
32 33 27 30
31 34 28 29
32 31 34 33
36 35 34 33
40 39 32 31
38 37 33 32
42 41 31 34
42 41 40 39 38 37 36 35
8 9 36 35
37 33 36
42 35 34
12 11 39 40
38 32 39
41 40 31
10 37 38
7 42 41
10 11 39 38
12 7 41 40
7 8 35 42
9 10 37 36
10 11 12 7 8 9
15 14 8 9
18 17 11 12
17 16 10 11
16 15 9 10
13 18 12 7
14 13 7 8
13 18 17 16 15 14
2 3 15 14
6 5 17 18
3 4 16 15
4 5 17 16
6 1 13 18
1 2 14 13
4 5 6 1 2 3
20 19 2 3
21 22 5 6
20 3 4
21 6 1
22 4 5
19 1 2
21 22 20 19
25 26 20 19
25 26 22 21
22 4 20
19 1 21
25 19 21
26 22 20
