0.0 0.0 0.0 0.0 0.0
1
Cell <1>
0.0 0.0 0.0 0.0 0.0
0.6000000238418579 0.0 0.0
0.6000000238418579 0.0 0.0
true
9
Part <3>
8
-30.0 0.0 50.0
30.0 0.0 50.0
60.0 0.0 20.0
60.0 0.0 -20.0
30.0 0.0 -50.0
-30.0 0.0 -50.0
-60.0 0.0 -20.0
-60.0 0.0 20.0
Part <4>
8
-30.0 100.0 50.0
30.0 100.0 50.0
60.0 100.0 20.0
60.0 100.0 -20.0
30.0 100.0 -50.0
-30.0 100.0 -50.0
-60.0 100.0 -20.0
-60.0 100.0 20.0
Part <1>
2
0.0 -200.0 20.0
0.0 -200.0 -20.0
Part <2>
4
-20.0 -150.0 -30.0
-20.0 -150.0 30.0
20.0 -150.0 30.0
20.0 -150.0 -30.0
Part <5>
8
-30.0 150.0 50.0
30.0 150.0 50.0
60.0 150.0 20.0
60.0 150.0 -20.0
30.0 150.0 -50.0
-30.0 150.0 -50.0
-60.0 150.0 -20.0
-60.0 150.0 20.0
Part <6>
10
-25.0 200.0 50.0
50.0 200.0 20.0
50.0 200.0 -20.0
25.0 200.0 -50.0
-50.0 200.0 -20.0
-50.0 200.0 20.0
-40.0 200.0 -40.0
-15.0 200.0 -50.0
15.0 200.0 50.0
40.0 200.0 40.0
Part <7>
4
-30.0 300.0 -30.0
-30.0 300.0 30.0
30.0 300.0 30.0
30.0 300.0 -30.0
Part <8>
4
-20.0 350.0 -20.0
-20.0 350.0 20.0
20.0 350.0 20.0
20.0 350.0 -20.0
Part <9>
2
0.0 450.0 20.0
0.0 450.0 -20.0
67
19 22 21 20
17 21 20
1 2 21 20
17 18 22 21
3 4 22 21
18 19 22
5 6 19 22
18 17 20 19
7 8 20 19
7 8 1 2 3 4 5 6
14 13 5 6
4 22 5
7 6 19
12 11 3 4
2 21 3
10 9 1 2
8 20 1
16 15 7 8
15 14 6 7
13 12 4 5
11 10 2 3
9 16 8 1
16 15 14 13 12 11 10 9
23 24 10 9
25 26 12 11
27 28 14 13
29 30 16 15
30 23 9 16
24 25 11 10
26 27 13 12
28 29 15 14
29 30 23 24 25 26 27 28
38 34 27 28
33 32 25 26
39 31 23 24
36 35 29 30
37 28 29
34 26 27
32 24 25
31 30 23
40 32 33 34 38 37 35 36 31 39
43 42 31 39
43 44 33 32
41 44 34 38
41 42 36 35
43 40 32
24 40 32
43 39 40
24 39 40
42 36 31
30 36 31
41 37 35
29 37 35
41 38 37
28 38 37
44 33 34
26 33 34
41 42 43 44
48 47 43 44
47 46 42 43
46 45 41 42
45 48 44 41
45 48 47 46
49 47 46
50 45 48
50 49 47 48
49 50 45 46
