0.0 0.0 0.0 0.0 0.0
1
Cell <2>
0.0 0.0 0.0 0.0 0.0
1.0 0.0 0.0
1.0 0.0 0.0
true
2
Part <5>
8
-30.0 150.0 50.0
30.0 150.0 50.0
60.0 150.0 20.0
60.0 150.0 -20.0
30.0 150.0 -50.0
-30.0 150.0 -50.0
-60.0 150.0 -20.0
-60.0 150.0 20.0
Part <6>
10
-25.0 200.0 50.0
50.0 200.0 20.0
50.0 200.0 -20.0
25.0 200.0 -50.0
-50.0 200.0 -20.0
-50.0 200.0 20.0
-40.0 200.0 -40.0
-15.0 200.0 -50.0
15.0 200.0 50.0
40.0 200.0 40.0
16
7 8 1 2 3 4 5 6
16 12 5 6
12 4 5
11 10 3 4
10 2 3
17 9 1 2
9 8 1
14 13 7 8
15 6 7
13 14 9 17 18 10 11 12 16 15
6 16 15
4 11 12
2 18 10
2 17 18
8 14 9
7 15 13
