0.0 0.0 0.0 0.0 0.0
2
Cell <1>
0.0 0.0 0.0 0.0 0.0
0.0 0.0 1.0
0.6784313917160034 0.8470588326454163 0.9019607901573181
true
2
Part <1>
22
-100.0 100.0 90.0
-120.0 100.0 120.0
-110.0 100.0 130.0
-90.0 100.0 100.0
-20.0 100.0 100.0
0.0 100.0 140.0
20.0 100.0 100.0
90.0 100.0 100.0
110.0 100.0 130.0
120.0 100.0 120.0
100.0 100.0 90.0
100.0 100.0 -90.0
120.0 100.0 -120.0
110.0 100.0 -130.0
90.0 100.0 -100.0
20.0 100.0 -100.0
0.0 100.0 -140.0
-20.0 100.0 -100.0
-90.0 100.0 -100.0
-110.0 100.0 -130.0
-120.0 100.0 -120.0
-100.0 100.0 -90.0
Part <2>
22
-100.0 -100.0 90.0
-120.0 -100.0 120.0
-110.0 -100.0 130.0
-90.0 -100.0 100.0
-20.0 -100.0 100.0
0.0 -100.0 140.0
20.0 -100.0 100.0
90.0 -100.0 100.0
110.0 -100.0 130.0
120.0 -100.0 120.0
100.0 -100.0 90.0
100.0 -100.0 -90.0
120.0 -100.0 -120.0
110.0 -100.0 -130.0
90.0 -100.0 -100.0
20.0 -100.0 -100.0
0.0 -100.0 -140.0
-20.0 -100.0 -100.0
-90.0 -100.0 -100.0
-110.0 -100.0 -130.0
-120.0 -100.0 -120.0
-100.0 -100.0 -90.0
24
2 1 23 24
3 2 24 25
4 3 25 26
5 4 26 27
6 5 27 28
7 6 28 29
8 7 29 30
9 8 30 31
10 9 31 32
11 10 32 33
12 11 33 34
13 12 34 35
14 13 35 36
15 14 36 37
16 15 37 38
17 16 38 39
18 17 39 40
19 18 40 41
20 19 41 42
21 20 42 43
22 21 43 44
1 22 44 23
1 2 3 4 5 6 7 8 9 10 11 12 13 14 15 16 17 18 19 20 21 22
23 24 25 26 27 28 29 30 31 32 33 34 35 36 37 38 39 40 41 42 43 44
Cell <2>
0.0 0.0 0.0 0.0 0.0
0.545098066329956 0.0 0.0
1.0 0.0 0.0
true
2
Part <1>
8
100.0 100.0 90.0
120.0 100.0 120.0
180.0 100.0 120.0
200.0 100.0 90.0
200.0 100.0 -90.0
180.0 100.0 -120.0
120.0 100.0 -120.0
100.0 100.0 -90.0
Part <2>
8
100.0 -100.0 90.0
120.0 -100.0 120.0
180.0 -100.0 120.0
200.0 -100.0 90.0
200.0 -100.0 -90.0
180.0 -100.0 -120.0
120.0 -100.0 -120.0
100.0 -100.0 -90.0
10
2 1 9 10
3 2 10 11
4 3 11 12
5 4 12 13
6 5 13 14
7 6 14 15
8 7 15 16
1 8 16 9
1 2 3 4 5 6 7 8
9 10 11 12 13 14 15 16
