0 0 0.0 0.0 0.0
2
Cell <1>
0.0 0.0 0.0 0.0 0.0
1.0 1.0 0.3019607961177826
1.0 1.0 0.3019607961177826
true
9
Part <Hexagon>
6
0.0 0.0 43.30125
25.0 0.0 0.0
75.0 0.0 0.0
100.0 0.0 43.30125
25.0 0.0 86.6025
75.0 0.0 86.6025
Part <Hexagon(Copy)>
6
0.0 50.0 43.30125
25.0 50.0 0.0
75.0 50.0 0.0
100.0 50.0 43.30125
25.0 50.0 86.6025
75.0 50.0 86.6025
Part <Hexagon(Copy)>
6
0.0 100.0 43.30125
25.0 100.0 0.0
75.0 100.0 0.0
100.0 100.0 43.30125
25.0 100.0 86.6025
75.0 100.0 86.6025
Part <8-POINTS>
8
25.0 150.0 10.0
75.0 150.0 10.0
25.0 150.0 76.6025
75.0 150.0 76.6025
87.5 150.0 54.951875
87.5 150.0 31.650625
12.5 150.0 54.951875
12.5 150.0 31.650625
Part <Rectangle>
4
18.75 200.0 67.777
18.75 200.0 18.8255
81.25 200.0 67.777
81.25 200.0 18.8255
Part <Rectangle(Small)>
4
25.0 250.0 53.30125
25.0 250.0 33.30125
75.0 250.0 53.30125
75.0 250.0 33.30125
Part <2-points>
2
25.0 280.0 43.30125
75.0 280.0 43.30125
Part <Rectangle(Copy)>
4
18.75 -80.0 67.777
18.75 -80.0 18.8255
81.25 -80.0 67.777
81.25 -80.0 18.8255
Part <2-points(Copy)>
2
25.0 -130.0 43.30125
75.0 -130.0 43.30125
55
41 42 40 38
37 39 40 38
2 3 40 38
39 42 40
39 37 41 42
37 38 41
5 6 39 37
4 40 39
1 38 37
4 6 5 1 2 3
9 8 2 3
1 38 2
4 3 40
11 12 6 5
4 39 6
1 5 37
7 11 5 1
12 10 4 6
10 9 3 4
8 7 1 2
7 11 12 10 9 8
14 15 9 8
17 18 12 11
16 18 12 10
17 13 7 11
13 14 8 7
15 16 10 9
16 18 17 13 14 15
20 19 14 15
21 22 18 17
25 21 17 13
22 23 16 18
24 20 15 16
19 26 13 14
26 25 21 22 23 24 20 19
28 30 20 19
27 29 22 21
29 22 23
24 23 16
27 25 21
26 13 25
28 26 19
30 24 20
30 29 23 24
27 28 26 25
29 27 28 30
34 32 28 30
31 33 29 27
32 31 27 28
33 34 30 29
31 33 34 32
35 36 34 32
35 36 33 31
35 32 31
36 33 34
Cell <2>
0.0 0.0 200.0 0.0 0.0
1.0 0.0 0.0
1.0 0.0 0.0
true
9
Part <7>
6
0.0 -35.0 52.0
10.0 -35.0 26.0
58.0 -35.0 26.0
68.0 -35.0 52.0
58.0 -35.0 78.0
10.0 -35.0 78.0
Part <5>
6
0.0 -107.0 52.0
10.0 -107.0 26.0
58.0 -107.0 26.0
68.0 -107.0 52.0
58.0 -107.0 78.0
10.0 -107.0 78.0
Part <6>
6
0.0 -65.0 52.0
10.0 -65.0 26.0
58.0 -65.0 26.0
68.0 -65.0 52.0
58.0 -65.0 78.0
10.0 -65.0 78.0
Part <8>
4
12.0 -5.0 40.0
62.0 -5.0 40.0
12.0 -5.0 64.0
62.0 -5.0 64.0
Part <1>
2
16.0 -200.0 52.0
52.0 -200.0 52.0
Part <9>
2
16.0 45.0 52.0
52.0 45.0 52.0
Part <2>
4
56.0 -182.0 48.0
12.0 -182.0 48.0
12.0 -182.0 56.0
56.0 -182.0 56.0
Part <3>
4
10.0 -156.0 64.0
58.0 -156.0 64.0
58.0 -156.0 40.0
10.0 -156.0 40.0
Part <4>
8
10.0 -137.0 34.0
58.0 -137.0 34.0
64.0 -137.0 49.6
64.0 -137.0 54.4
58.0 -137.0 70.0
10.0 -137.0 70.0
4.0 -137.0 54.4
4.0 -137.0 49.6
55
28 27 24 23
29 30 24 23
30 27 24
30 29 28 27
33 34 28 27
29 23 28
31 32 30 29
32 33 27 30
34 31 29 28
31 32 33 34
35 36 33 34
40 39 32 31
38 37 33 32
41 42 34 31
37 38 39 40 41 42 35 36
9 8 35 36
42 34 35
37 36 33
12 11 39 40
38 32 39
41 40 31
10 37 38
7 41 42
7 12 40 41
11 10 38 39
10 9 36 37
8 7 42 35
7 12 11 10 9 8
14 15 9 8
18 17 11 12
16 17 11 10
18 13 7 12
13 14 8 7
15 16 10 9
16 17 18 13 14 15
3 2 14 15
6 5 17 18
5 4 16 17
4 3 15 16
1 6 18 13
2 1 13 14
1 6 5 4 3 2
19 20 3 2
21 22 5 6
20 4 3
22 5 4
21 1 6
19 2 1
22 21 19 20
26 25 19 20
25 26 22 21
22 20 4
19 21 1
26 20 22
25 21 19
