0 0 0.0 0.0 0.0
2
Cell <1>
0.0 0.0 0.0 0.0 0.0
1.0 1.0 0.3019607961177826
1.0 1.0 0.3019607961177826
true
9
Part <Hexagon>
6
0.0 0.0 43.30125
25.0 0.0 0.0
75.0 0.0 0.0
100.0 0.0 43.30125
25.0 0.0 86.6025
75.0 0.0 86.6025
Part <Hexagon(Copy)>
6
0.0 50.0 43.30125
25.0 50.0 0.0
75.0 50.0 0.0
100.0 50.0 43.30125
25.0 50.0 86.6025
75.0 50.0 86.6025
Part <Hexagon(Copy)>
6
0.0 100.0 43.30125
25.0 100.0 0.0
75.0 100.0 0.0
100.0 100.0 43.30125
25.0 100.0 86.6025
75.0 100.0 86.6025
Part <8-POINTS>
8
18.75 130.0 11.0
81.25 130.0 11.0
18.75 130.0 75.6025
81.25 130.0 75.6025
93.75 130.0 53.951875
93.75 130.0 32.650625
6.25 130.0 53.951875
6.25 130.0 32.650625
Part <Rectangle>
4
12.5 180.0 21.698750000000004
12.5 180.0 64.90375
87.5 180.0 21.698750000000004
87.5 180.0 64.90375
Part <Rectangle(Small)>
4
18.75 230.0 53.30125
18.75 230.0 33.30125
81.25 230.0 53.30125
81.25 230.0 33.30125
Part <2-points>
2
25.0 280.0 43.30125
75.0 280.0 43.30125
Part <Rectangle(Copy)>
4
49.958305047919794 -80.0 86.57845263349944
12.541681838792073 -80.0 64.97594507937129
87.45831816120791 -80.0 21.62655492062875
50.04169495208019 -80.0 0.02404736650057515
Part <2-points(Copy)>
2
37.49999562890396 -160.0 64.95188257095691
62.50000437109604 -160.0 21.650617429043102
55
41 42 40 38
37 39 40 38
1 2 40 38
39 42 40
39 37 41 42
37 38 41
6 4 39 37
3 40 39
5 38 37
2 3 4 6 5 1
7 11 5 1
38 5 1
11 12 6 5
37 6 5
12 10 4 6
10 9 3 4
39 3 4
9 8 2 3
40 2 3
8 7 1 2
7 11 12 10 9 8
14 15 9 8
17 18 12 11
16 18 12 10
17 13 7 11
13 14 8 7
15 16 10 9
16 18 17 13 14 15
20 19 14 15
21 22 18 17
25 21 17 13
22 23 16 18
24 20 15 16
19 26 13 14
26 25 21 22 23 24 20 19
27 29 20 19
28 30 22 21
30 22 23
24 23 16
28 25 21
26 13 25
27 19 26
29 24 20
29 30 23 24
28 27 26 25
30 28 27 29
34 32 27 29
31 33 30 28
32 31 28 27
33 34 29 30
31 33 34 32
35 36 34 32
35 36 33 31
36 33 34
35 32 31
Cell <2>
0.0 0.0 0.0 0.0 0.0
0.7019608020782471 0.10196078568696976 0.10196078568696976
0.7019608020782471 0.10196078568696976 0.10196078568696976
true
9
Part <Hexagon>
6
0.0 380.0 86.6025
25.0 380.0 43.30125
75.0 380.0 43.30125
100.0 380.0 86.6025
25.0 380.0 129.90375
75.0 380.0 129.90375
Part <Hexagon(Copy)>
6
0.0 330.0 86.6025
25.0 330.0 43.30125
75.0 330.0 43.30125
100.0 330.0 86.6025
25.0 330.0 129.90375
75.0 330.0 129.90375
Part <Hexagon(Copy)>
6
0.0 280.0 86.6025
25.0 280.0 43.30125
75.0 280.0 43.30125
100.0 280.0 86.6025
25.0 280.0 129.90375
75.0 280.0 129.90375
Part <8-POINTS>
8
18.75 230.0 53.30125
81.25 230.0 53.30125
18.75 230.0 119.90375
81.25 230.0 119.90375
93.75 230.0 98.25312500000001
93.75 230.0 74.951875
6.25 230.0 98.25312500000001
6.25 230.0 74.951875
Part <Rectangle>
4
12.5 180.0 65.0
12.5 180.0 108.205
87.5 180.0 65.0
87.5 180.0 108.205
Part <Rectangle(Small)>
4
18.75 130.0 95.6025
18.75 130.0 75.6025
81.25 130.0 95.6025
81.25 130.0 75.6025
Part <2-points>
2
25.0 100.0 86.6025
75.0 100.0 86.6025
Part <Rectangle(Copy)>
4
49.958305047919794 460.0 129.87970263349945
12.541681838792073 460.0 108.27719507937125
87.45831816120791 460.0 64.92780492062874
50.04169495208019 460.0 43.325297366500564
Part <2-points(Copy)>
2
37.49999562890396 540.0 108.2531325709569
62.50000437109604 540.0 64.95186742904309
55
32 34 36 35
31 33 36 35
33 34 36
33 31 32 34
29 27 32 34
31 35 32
28 30 33 31
30 29 34 33
27 28 31 32
28 30 29 27
19 20 29 27
21 22 30 28
23 24 29 30
25 26 27 28
24 23 22 21 25 26 19 20
15 14 19 20
26 27 19
24 20 29
17 18 22 21
23 30 22
25 21 28
16 24 23
13 25 26
13 17 21 25
18 16 23 22
16 15 20 24
14 13 26 19
13 17 18 16 15 14
8 9 15 14
11 12 18 17
10 12 18 16
11 7 13 17
7 8 14 13
9 10 16 15
10 12 11 7 8 9
3 2 8 9
5 6 12 11
1 5 11 7
6 4 10 12
4 3 9 10
2 1 7 8
1 5 6 4 3 2
40 3 2
37 6 5
39 37 6 4
38 1 5
38 40 2 1
39 4 3
38 40 39 37
41 42 39 37
42 40 39
3 40 39
42 41 38 40
41 37 38
5 37 38
