0 0 0.0 0.0 0.0
5
Cell <1>
0.0 0.0 0.0 0.0 0.0
0.0 0.0 1.0
0.6784313917160034 0.8470588326454163 0.9019607901573181
true
2
Part <1>
22
-100.0 100.0 90.0
-120.0 100.0 120.0
-110.0 100.0 130.0
-90.0 100.0 100.0
-20.0 100.0 100.0
0.0 100.0 140.0
20.0 100.0 100.0
90.0 100.0 100.0
110.0 100.0 130.0
120.0 100.0 120.0
100.0 100.0 90.0
100.0 100.0 -90.0
120.0 100.0 -120.0
110.0 100.0 -130.0
90.0 100.0 -100.0
20.0 100.0 -100.0
0.0 100.0 -140.0
-20.0 100.0 -100.0
-90.0 100.0 -100.0
-110.0 100.0 -130.0
-120.0 100.0 -120.0
-100.0 100.0 -90.0
Part <2>
22
-100.0 -100.0 90.0
-120.0 -100.0 120.0
-110.0 -100.0 130.0
-90.0 -100.0 100.0
-20.0 -100.0 100.0
0.0 -100.0 140.0
20.0 -100.0 100.0
90.0 -100.0 100.0
110.0 -100.0 130.0
120.0 -100.0 120.0
100.0 -100.0 90.0
100.0 -100.0 -90.0
120.0 -100.0 -120.0
110.0 -100.0 -130.0
90.0 -100.0 -100.0
20.0 -100.0 -100.0
0.0 -100.0 -140.0
-20.0 -100.0 -100.0
-90.0 -100.0 -100.0
-110.0 -100.0 -130.0
-120.0 -100.0 -120.0
-100.0 -100.0 -90.0
24
2 1 23 24
3 2 24 25
4 3 25 26
5 4 26 27
6 5 27 28
7 6 28 29
8 7 29 30
9 8 30 31
10 9 31 32
11 10 32 33
12 11 33 34
13 12 34 35
14 13 35 36
15 14 36 37
16 15 37 38
17 16 38 39
18 17 39 40
19 18 40 41
20 19 41 42
21 20 42 43
22 21 43 44
1 22 44 23
1 2 3 4 5 6 7 8 9 10 11 12 13 14 15 16 17 18 19 20 21 22
23 24 25 26 27 28 29 30 31 32 33 34 35 36 37 38 39 40 41 42 43 44
Cell <2>
0.0 0.0 0.0 0.0 0.0
0.545098066329956 0.0 0.0
1.0 0.0 0.0
true
2
Part <1>
8
100.0 100.0 90.0
126.66666 100.0 130.0
173.33334 100.0 130.0
200.0 100.0 90.0
200.0 100.0 -90.0
126.66666 100.0 -130.0
173.33334 100.0 -130.0
100.0 100.0 -90.0
Part <2>
8
100.0 -100.0 90.0
126.66666 -100.0 130.0
173.33334 -100.0 130.0
200.0 -100.0 90.0
200.0 -100.0 -90.0
126.66666 -100.0 -130.0
173.33334 -100.0 -130.0
100.0 -100.0 -90.0
10
10 9 1 2
3 4 5 7 6 8 1 2
8 16 9 1
16 14 15 13 12 11 10 9
11 3 2 10
4 12 11 3
4 5 13 12
6 14 16 8
7 15 14 6
7 15 13 5
Cell <3>
0.0 0.0 0.0 0.0 0.0
1.0 1.0 0.3019607961177826
0.9019607901573181 0.9019607901573181 0.3019607961177826
true
2
Part <1>
8
0.0 100.0 -140.0
20.0 100.0 -100.0
90.0 100.0 -100.0
116.66666 100.0 -140.0
116.66666 100.0 -180.0
0.0 100.0 -180.0
20.0 100.0 -220.0
90.0 100.0 -220.0
Part <2>
8
0.0 -100.0 -140.0
20.0 -100.0 -100.0
90.0 -100.0 -100.0
116.66666 -100.0 -140.0
116.66666 -100.0 -180.0
0.0 -100.0 -180.0
20.0 -100.0 -220.0
90.0 -100.0 -220.0
10
16 13 12 11 10 9 14 15
7 6 14 15
6 1 9 14
1 2 10 9
2 3 11 10
3 4 12 11
4 5 13 12
5 8 16 13
8 7 15 16
1 2 3 4 5 8 7 6
Cell <4>
0.0 0.0 0.0 0.0 0.0
0.6000000238418579 0.4000000059604645 0.6000000238418579
0.6000000238418579 0.4000000059604645 0.6000000238418579
true
2
Part <1>
8
-90.0 100.0 -100.0
-20.0 100.0 -100.0
0.0 100.0 -140.0
0.0 100.0 -180.0
-20.0 100.0 -220.0
-90.0 100.0 -220.0
-116.6666 100.0 -140.0
-116.6666 100.0 -180.0
Part <2>
8
-90.0 -100.0 -100.0
-20.0 -100.0 -100.0
0.0 -100.0 -140.0
0.0 -100.0 -180.0
-20.0 -100.0 -220.0
-90.0 -100.0 -220.0
-116.6666 -100.0 -140.0
-116.6666 -100.0 -180.0
10
16 15 9 10 11 12 13 14
6 5 13 14
5 4 12 13
4 3 11 12
3 2 10 11
2 1 9 10
1 7 15 9
7 8 16 15
8 6 14 16
8 7 1 2 3 4 5 6
Cell <5>
0.0 0.0 0.0 0.0 0.0
0.800000011920929 0.501960813999176 0.20000000298023224
0.800000011920929 0.501960813999176 0.20000000298023224
true
2
Part <1>
16
180.0 100.0 -120.0
120.0 100.0 -120.0
110.0 100.0 -130.0
190.0 100.0 -130.0
126.66666 100.0 -130.0
173.33334 100.0 -130.0
116.66666 100.0 -140.0
183.33334 100.0 -140.0
116.66666 100.0 -180.0
183.33334 100.0 -180.0
180.0 100.0 -200.0
120.0 100.0 -200.0
110.0 100.0 -190.0
190.0 100.0 -190.0
126.66666 100.0 -190.0
173.33334 100.0 -190.0
Part <2>
16
180.0 -100.0 -120.0
120.0 -100.0 -120.0
110.0 -100.0 -130.0
190.0 -100.0 -130.0
126.66666 -100.0 -130.0
173.33334 -100.0 -130.0
116.66666 -100.0 -140.0
183.33334 -100.0 -140.0
116.66666 -100.0 -180.0
183.33334 -100.0 -180.0
180.0 -100.0 -200.0
120.0 -100.0 -200.0
110.0 -100.0 -190.0
190.0 -100.0 -190.0
126.66666 -100.0 -190.0
173.33334 -100.0 -190.0
18
23 19 18 21 22 17 20 24 26 30 27 32 31 28 29 25
9 13 29 25
13 12 28 29
12 15 31 28
15 16 32 31
16 11 27 32
11 14 30 27
14 10 26 30
10 8 24 26
8 4 20 24
4 1 17 20
1 6 22 17
6 5 21 22
5 2 18 21
2 3 19 18
3 7 23 19
7 9 25 23
9 13 12 15 16 11 14 10 8 4 1 6 5 2 3 7
